vision_adtf_info,1.0
2,MMPCEVOB0D0003_DE-GDXC674_20161212_163503.dat
category,startRow,nRows,type
visionVideoChunk,5,1321,visionVideoChunk
streamName,streamIndex,chunkIndex,timeStamp,dataTimeStamp,frameNumber
RightRawA,0,0,94270595,94270595,4422
RightRawA,1,385,94337001,94316049,4424
RightRawA,2,780,94381786,94361510,4426
RightRawA,3,1161,94424933,94406964,4428
RightRawA,4,1546,94473384,94452418,4430
RightRawA,5,1936,94518360,94497873,4432
RightRawA,6,2327,94563391,94543327,4434
RightRawA,7,2717,94609480,94588781,4436
RightRawA,8,3137,94655221,94634235,4438
RightRawA,9,3529,94700191,94679696,4440
RightRawA,10,3872,94744955,94725150,4442
RightRawA,11,4271,94790826,94770604,4444
RightRawA,12,4660,94836785,94816059,4446
RightRawA,13,5051,94881816,94861513,4448
RightRawA,14,5436,94925686,94906967,4450
RightRawA,15,5853,94972008,94952421,4452
RightRawA,16,6240,95017045,94997882,4454
RightRawA,17,6624,95064001,95043336,4456
RightRawA,18,7015,95109756,95088790,4458
RightRawA,19,7392,95154978,95134245,4460
RightRawA,20,7789,95200221,95179699,4462
RightRawA,21,8163,95245613,95225153,4464
RightRawA,22,8557,95290856,95270607,4466
RightRawA,23,8940,95336815,95316068,4468
RightRawA,24,9336,95381846,95361522,4470
RightRawA,25,9717,95424993,95406976,4472
RightRawA,26,10101,95470734,95452430,4474
RightRawA,27,10495,95518427,95497885,4476
RightRawA,28,10885,95564025,95543339,4478
RightRawA,29,11275,95609588,95588793,4480
RightRawA,30,11691,95655274,95634254,4482
RightRawA,31,12085,95700640,95679708,4484
RightRawA,32,12462,95745206,95725162,4486
RightRawA,33,12849,95790879,95770616,4488
RightRawA,34,13238,95836852,95816071,4490
RightRawA,35,13632,95881876,95861525,4492
RightRawA,36,14015,95925733,95906979,4494
RightRawA,37,14399,95970634,95952440,4496
RightRawA,38,14790,96017112,95997894,4498
RightRawA,39,15167,96063966,96043348,4500
RightRawA,40,15557,96109625,96088802,4502
RightRawA,41,15940,96155038,96134257,4504
RightRawA,42,16330,96200629,96179711,4506
RightRawA,43,16709,96245680,96225165,4508
RightRawA,44,17100,96290909,96270626,4510
RightRawA,45,17489,96336882,96316080,4512
RightRawA,46,17876,96381906,96361534,4514
RightRawA,47,18257,96425053,96406988,4516
RightRawA,48,18677,96472084,96452443,4518
RightRawA,49,19066,96518473,96497897,4520
RightRawA,50,19457,96563504,96543358,4522
RightRawA,51,19847,96609621,96588812,4524
RightRawA,52,20220,96655068,96634266,4526
RightRawA,53,20617,96700317,96679720,4528
RightRawA,54,20995,96745082,96725174,4530
RightRawA,55,21385,96790939,96770629,4532
RightRawA,56,21766,96836912,96816083,4534
RightRawA,57,22165,96881929,96861544,4536
RightRawA,58,22542,96925793,96906998,4538
RightRawA,59,22925,96970680,96952452,4540
RightRawA,60,23308,97017172,96997906,4542
RightRawA,61,23693,97063944,97043360,4544
RightRawA,62,24081,97109616,97088815,4546
RightRawA,63,24493,97155098,97134269,4548
RightRawA,64,24887,97200334,97179730,4550
RightRawA,65,25261,97245795,97225184,4552
RightRawA,66,25646,97290962,97270638,4554
RightRawA,67,26036,97336935,97316092,4556
RightRawA,68,26422,97381966,97361546,4558
RightRawA,69,26802,97425119,97407001,4560
RightRawA,70,27184,97470840,97452455,4562
RightRawA,71,27580,97518526,97497916,4564
RightRawA,72,27972,97564151,97543370,4566
RightRawA,73,28361,97609715,97588824,4568
RightRawA,74,28733,97655128,97634278,4570
RightRawA,75,29128,97700370,97679732,4572
RightRawA,76,29505,97745156,97725187,4574
RightRawA,77,29892,97790992,97770641,4576
RightRawA,78,30274,97836986,97816102,4578
RightRawA,79,30669,97881989,97861556,4580
RightRawA,80,31049,97925859,97907010,4582
RightRawA,81,31443,97970733,97952464,4584
RightRawA,82,31833,98017232,97997918,4586
RightRawA,83,32210,98063915,98043373,4588
RightRawA,84,32597,98109683,98088827,4590
RightRawA,85,32977,98155158,98134288,4592
RightRawA,86,33365,98200400,98179742,4594
RightRawA,87,33742,98245786,98225196,4596
RightRawA,88,34131,98291036,98270650,4598
RightRawA,89,34520,98337002,98316104,4600
RightRawA,90,34914,98382033,98361559,4602
RightRawA,91,35293,98425179,98407013,4604
RightRawA,92,35676,98470913,98452474,4606
RightRawA,93,36065,98518586,98497928,4608
RightRawA,94,36455,98563624,98543382,4610
RightRawA,95,36845,98609775,98588836,4612
RightRawA,96,37217,98655181,98634290,4614
RightRawA,97,37650,98700458,98679745,4616
RightRawA,98,37994,98745195,98725199,4618
RightRawA,99,38390,98791045,98770660,4620
RightRawA,100,38776,98837032,98816114,4622
RightRawA,101,39165,98882063,98861568,4624
RightRawA,102,39546,98925974,98907022,4626
RightRawA,103,39926,98970793,98952476,4628
RightRawA,104,40344,99017299,98997931,4630
RightRawA,105,40725,99063893,99043385,4632
RightRawA,106,41112,99109784,99088846,4634
RightRawA,107,41499,99155218,99134300,4636
RightRawA,108,41894,99200460,99179754,4638
RightRawA,109,42266,99245853,99225208,4640
RightRawA,110,42651,99291075,99270662,4642
RightRawA,111,43039,99337062,99316117,4644
RightRawA,112,43423,99382086,99361571,4646
RightRawA,113,43802,99425232,99407032,4648
RightRawA,114,44181,99470994,99452486,4650
RightRawA,115,44574,99518646,99497940,4652
RightRawA,116,44962,99564278,99543394,4654
RightRawA,117,45348,99609596,99588848,4656
RightRawA,118,45723,99655248,99634303,4658
RightRawA,119,46111,99700538,99679757,4660
RightRawA,120,46485,99745255,99725218,4662
RightRawA,121,46872,99791098,99770672,4664
RightRawA,122,47257,99837092,99816126,4666
RightRawA,123,47641,99882116,99861580,4668
RightRawA,124,48022,99925952,99907034,4670
RightRawA,125,48403,99970846,99952489,4672
RightRawA,126,48819,100017359,99997949,4674
RightRawA,127,49198,100064328,100043404,4676
RightRawA,128,49584,100109824,100088858,4678
RightRawA,129,49957,100155278,100134312,4680
RightRawA,130,50348,100200513,100179766,4682
RightRawA,131,50717,100245913,100225220,4684
RightRawA,132,51104,100291128,100270674,4686
RightRawA,133,51480,100335777,100316135,4688
RightRawA,134,51872,100382146,100361590,4690
RightRawA,135,52246,100425299,100407044,4692
RightRawA,136,52625,100470999,100452498,4694
RightRawA,137,53008,100518699,100497952,4696
RightRawA,138,53394,100563737,100543406,4698
RightRawA,139,53781,100609669,100588860,4700
RightRawA,140,54151,100654755,100634321,4702
RightRawA,141,54583,100700591,100679776,4704
RightRawA,142,54921,100745315,100725230,4706
RightRawA,143,55316,100791158,100770684,4708
RightRawA,144,55698,100835814,100816138,4710
RightRawA,145,56086,100882176,100861592,4712
RightRawA,146,56467,100926005,100907046,4714
RightRawA,147,56845,100970899,100952507,4716
RightRawA,148,57261,101017412,100997962,4718
RightRawA,149,57641,101064006,101043416,4720
RightRawA,150,58026,101109767,101088870,4722
RightRawA,151,58408,101155024,101134324,4724
RightRawA,152,58804,101200573,101179778,4726
RightRawA,153,59175,101245932,101225232,4728
RightRawA,154,59557,101291181,101270693,4730
RightRawA,155,59942,101335837,101316148,4732
RightRawA,156,60326,101382206,101361602,4734
RightRawA,157,60703,101425359,101407056,4736
RightRawA,158,61081,101471059,101452510,4738
RightRawA,159,61474,101518759,101497964,4740
RightRawA,160,61863,101564029,101543418,4742
RightRawA,161,62252,101609811,101588879,4744
RightRawA,162,62622,101654801,101634334,4746
RightRawA,163,63016,101700617,101679788,4748
RightRawA,164,63391,101745375,101725242,4750
RightRawA,165,63777,101791211,101770696,4752
RightRawA,166,64157,101835887,101816150,4754
RightRawA,167,64553,101882236,101861604,4756
RightRawA,168,64932,101926058,101907065,4758
RightRawA,169,65325,101971000,101952520,4760
RightRawA,170,65717,102017472,101997974,4762
RightRawA,171,66092,102064052,102043428,4764
RightRawA,172,66480,102109821,102088882,4766
RightRawA,173,66861,102154838,102134336,4768
RightRawA,174,67250,102200640,102179790,4770
RightRawA,175,67627,102245985,102225251,4772
RightRawA,176,68017,102291248,102270706,4774
RightRawA,177,68406,102335903,102316160,4776
RightRawA,178,68803,102382266,102361614,4778
RightRawA,179,69182,102425412,102407068,4780
RightRawA,180,69566,102471112,102452522,4782
RightRawA,181,69954,102518812,102497976,4784
RightRawA,182,70346,102563850,102543437,4786
RightRawA,183,70736,102609857,102588892,4788
RightRawA,184,71113,102654861,102634346,4790
RightRawA,185,71550,102700670,102679800,4792
RightRawA,186,71894,102745428,102725254,4794
RightRawA,187,72294,102791339,102770708,4796
RightRawA,188,72683,102835988,102816162,4798
RightRawA,189,73077,102882296,102861623,4800
RightRawA,190,73462,102926132,102907078,4802
RightRawA,191,73847,102971019,102952532,4804
RightRawA,192,74268,103017532,102997986,4806
RightRawA,193,74652,103064023,103043440,4808
RightRawA,194,75045,103109075,103088894,4810
RightRawA,195,75434,103155130,103134348,4812
RightRawA,196,75836,103200700,103179809,4814
RightRawA,197,76215,103246100,103225264,4816
RightRawA,198,76604,103291342,103270718,4818
RightRawA,199,76995,103335997,103316172,4820
RightRawA,200,77385,103382319,103361626,4822
RightRawA,201,77768,103425465,103407080,4824
RightRawA,202,78152,103471172,103452534,4826
RightRawA,203,78552,103518879,103497995,4828
RightRawA,204,78947,103564149,103543450,4830
RightRawA,205,79341,103609876,103588904,4832
RightRawA,206,79718,103654914,103634358,4834
RightRawA,207,80120,103700730,103679812,4836
RightRawA,208,80502,103745481,103725266,4838
RightRawA,209,80895,103791317,103770720,4840
RightRawA,210,81282,103835986,103816181,4842
RightRawA,211,81684,103882369,103861636,4844
RightRawA,212,82067,103926171,103907090,4846
RightRawA,213,82466,103971086,103952544,4848
RightRawA,214,82863,104017585,103997998,4850
RightRawA,215,83243,104064001,104043452,4852
RightRawA,216,83634,104109032,104088906,4854
RightRawA,217,84022,104154944,104134367,4856
RightRawA,218,84416,104200760,104179822,4858
RightRawA,219,84800,104246125,104225276,4860
RightRawA,220,85195,104291347,104270730,4862
RightRawA,221,85588,104336016,104316184,4864
RightRawA,222,85989,104382385,104361638,4866
RightRawA,223,86374,104425525,104407092,4868
RightRawA,224,86762,104471280,104452553,4870
RightRawA,225,87156,104518932,104498008,4872
RightRawA,226,87551,104563963,104543462,4874
RightRawA,227,87945,104609158,104588916,4876
RightRawA,228,88324,104654974,104634370,4878
RightRawA,229,88765,104700790,104679824,4880
RightRawA,230,89112,104745548,104725278,4882
RightRawA,231,89514,104791371,104770739,4884
RightRawA,232,89906,104836040,104816193,4886
RightRawA,233,90302,104882422,104861648,4888
RightRawA,234,90691,104926224,104907102,4890
RightRawA,235,91077,104971119,104952556,4892
RightRawA,236,91501,105017658,104998010,4894
RightRawA,237,91887,105064000,105043464,4896
RightRawA,238,92280,105109188,105088925,4898
RightRawA,239,92670,105155236,105134379,4900
RightRawA,240,93073,105200574,105179834,4902
RightRawA,241,93452,105246213,105225288,4904
RightRawA,242,93841,105291476,105270742,4906
RightRawA,243,94233,105336131,105316196,4908
RightRawA,244,94624,105382445,105361650,4910
RightRawA,245,95007,105425599,105407111,4912
RightRawA,246,95392,105471278,105452565,4914
RightRawA,247,95791,105518985,105498020,4916
RightRawA,248,96186,105564262,105543474,4918
RightRawA,249,96580,105609204,105588928,4920
RightRawA,250,96957,105655041,105634382,4922
RightRawA,251,97356,105700611,105679843,4924
RightRawA,252,97739,105745614,105725297,4926
RightRawA,253,98132,105791430,105770751,4928
RightRawA,254,98517,105836113,105816206,4930
RightRawA,255,98918,105882523,105861660,4932
RightRawA,256,99302,105926298,105907114,4934
RightRawA,257,99700,105971192,105952568,4936
RightRawA,258,100097,106017711,105998029,4938
RightRawA,259,100475,106064060,106043483,4940
RightRawA,260,100864,106109132,106088937,4942
RightRawA,261,101251,106155057,106134392,4944
RightRawA,262,101643,106200641,106179846,4946
RightRawA,263,102025,106246225,106225300,4948
RightRawA,264,102418,106291454,106270754,4950
RightRawA,265,102808,106336143,106316215,4952
RightRawA,266,103197,106382505,106361669,4954
RightRawA,267,103581,106425659,106407123,4956
RightRawA,268,103964,106471325,106452578,4958
RightRawA,269,104362,106517741,106498032,4960
RightRawA,270,104784,106564083,106543486,4962
RightRawA,271,105174,106609271,106588940,4964
RightRawA,272,105550,106655101,106634401,4966
RightRawA,273,105949,106700671,106679855,4968
RightRawA,274,106330,106745674,106725309,4970
RightRawA,275,106720,106791484,106770764,4972
RightRawA,276,107103,106836180,106816218,4974
RightRawA,277,107503,106882535,106861672,4976
RightRawA,278,107880,106926337,106907126,4978
RightRawA,279,108263,106971238,106952587,4980
RightRawA,280,108647,107017778,106998041,4982
RightRawA,281,109033,107064113,107043495,4984
RightRawA,282,109418,107109301,107088950,4986
RightRawA,283,109832,107155486,107134404,4988
RightRawA,284,110225,107200694,107179858,4990
RightRawA,285,110600,107245848,107225312,4992
RightRawA,286,110985,107291514,107270773,4994
RightRawA,287,111374,107336203,107316227,4996
RightRawA,288,111759,107382565,107361681,4998
RightRawA,289,112137,107425712,107407136,5000
RightRawA,290,112519,107471384,107452590,5002
RightRawA,291,112913,107518443,107498044,5004
RightRawA,292,113305,107564375,107543498,5006
RightRawA,293,113692,107609317,107588959,5008
RightRawA,294,114066,107655154,107634413,5010
RightRawA,295,114460,107700731,107679867,5012
RightRawA,296,114839,107745734,107725322,5014
RightRawA,297,115226,107791584,107770776,5016
RightRawA,298,115608,107836274,107816230,5018
RightRawA,299,116006,107882602,107861684,5020
RightRawA,300,116384,107926472,107907145,5022
RightRawA,301,116767,107971292,107952599,5024
RightRawA,302,117147,108017831,107998053,5026
RightRawA,303,117531,108064173,108043508,5028
RightRawA,304,117918,108109395,108088962,5030
RightRawA,305,118295,108155190,108134416,5032
RightRawA,306,118726,108200754,108179870,5034
RightRawA,307,119099,108245826,108225331,5036
RightRawA,308,119484,108291567,108270785,5038
RightRawA,309,119871,108336263,108316239,5040
RightRawA,310,120256,108382625,108361694,5042
RightRawA,311,120636,108425779,108407148,5044
RightRawA,312,121019,108471506,108452602,5046
RightRawA,313,121407,108517868,108498056,5048
RightRawA,314,121792,108564196,108543517,5050
RightRawA,315,122181,108609432,108588971,5052
RightRawA,316,122558,108655220,108634425,5054
RightRawA,317,122945,108700791,108679880,5056
RightRawA,318,123322,108745794,108725334,5058
RightRawA,319,123709,108791597,108770788,5060
RightRawA,320,124091,108836300,108816242,5062
RightRawA,321,124479,108882648,108861703,5064
RightRawA,322,124858,108926443,108907157,5066
RightRawA,323,125235,108971358,108952611,5068
RightRawA,324,125620,109017891,108998066,5070
RightRawA,325,126031,109064233,109043520,5072
RightRawA,326,126415,109109516,109088974,5074
RightRawA,327,126797,109155448,109134428,5076
RightRawA,328,127191,109200814,109179889,5078
RightRawA,329,127566,109245954,109225343,5080
RightRawA,330,127950,109291620,109270797,5082
RightRawA,331,128334,109336316,109316252,5084
RightRawA,332,128717,109381627,109361706,5086
RightRawA,333,129095,109425839,109407160,5088
RightRawA,334,129473,109471511,109452614,5090
RightRawA,335,129865,109517921,109498075,5092
RightRawA,336,130253,109564488,109543529,5094
RightRawA,337,130639,109609785,109588983,5096
RightRawA,338,131011,109655280,109634437,5098
RightRawA,339,131405,109700851,109679892,5100
RightRawA,340,131779,109745861,109725346,5102
RightRawA,341,132165,109791650,109770800,5104
RightRawA,342,132544,109836360,109816261,5106
RightRawA,343,132936,109881725,109861715,5108
RightRawA,344,133313,109926497,109907169,5110
RightRawA,345,133703,109971418,109952623,5112
RightRawA,346,134092,110017958,109998078,5114
RightRawA,347,134466,110064286,110043532,5116
RightRawA,348,134852,110105876,110088986,5118
RightRawA,349,135231,110155324,110134447,5120
RightRawA,350,135616,110200676,110179901,5122
RightRawA,351,135992,110245891,110225355,5124
RightRawA,352,136381,110291673,110270809,5126
RightRawA,353,136766,110336403,110316264,5128
RightRawA,354,137158,110381673,110361718,5130
RightRawA,355,137537,110425892,110407172,5132
RightRawA,356,137922,110471680,110452633,5134
RightRawA,357,138307,110517981,110498087,5136
RightRawA,358,138695,110564309,110543541,5138
RightRawA,359,139080,110609265,110588995,5140
RightRawA,360,139453,110655361,110634450,5142
RightRawA,361,139888,110700562,110679904,5144
RightRawA,362,140232,110745914,110725365,5146
RightRawA,363,140629,110791703,110770819,5148
RightRawA,364,141015,110836420,110816273,5150
RightRawA,365,141404,110881717,110861727,5152
RightRawA,366,141788,110926556,110907181,5154
RightRawA,367,142168,110971485,110952636,5156
RightRawA,368,142558,111018011,110998090,5158
RightRawA,369,142969,111064346,111043551,5160
RightRawA,370,143358,111109739,111089005,5162
RightRawA,371,143744,111155555,111134459,5164
RightRawA,372,144141,111200661,111179913,5166
RightRawA,373,144518,111246060,111225367,5168
RightRawA,374,144904,111291733,111270822,5170
RightRawA,375,145285,111336477,111316276,5172
RightRawA,376,145645,111381740,111361737,5174
RightRawA,377,146060,111425952,111407191,5176
RightRawA,378,146427,111471624,111452645,5178
RightRawA,379,146836,111518048,111498099,5180
RightRawA,380,147218,111564362,111543553,5182
RightRawA,381,147608,111609816,111589008,5184
RightRawA,382,147976,111655393,111634462,5186
RightRawA,383,148364,111700479,111679923,5188
RightRawA,384,148724,111745974,111725377,5190
RightRawA,385,149100,111791756,111770831,5192
RightRawA,386,149485,111836480,111816285,5194
RightRawA,387,149882,111881831,111861739,5196
RightRawA,388,150264,111926623,111907194,5198
RightRawA,389,150695,111971545,111952648,5200
RightRawA,390,151052,112018064,111998109,5202
RightRawA,391,151442,112064399,112043563,5204
RightRawA,392,151828,112106003,112089017,5206
RightRawA,393,152239,112155423,112134471,5208
RightRawA,394,152612,112200557,112179925,5210
RightRawA,395,153009,112246345,112225380,5212
RightRawA,396,153417,112291786,112270834,5214
RightRawA,397,153804,112336503,112316295,5216
RightRawA,398,154190,112381800,112361749,5218
RightRawA,399,154557,112426018,112407203,5220
RightRawA,400,154953,112471793,112452657,5222
RightRawA,401,155346,112518101,112498111,5224
RightRawA,402,155768,112564422,112543566,5226
RightRawA,403,156148,112609371,112589020,5228
RightRawA,404,156528,112655064,112634481,5230
RightRawA,405,156925,112700546,112679935,5232
RightRawA,406,157305,112746041,112725389,5234
RightRawA,407,157695,112791809,112770843,5236
RightRawA,408,158075,112836533,112816297,5238
RightRawA,409,158475,112881878,112861752,5240
RightRawA,410,158851,112926683,112907206,5242
RightRawA,411,159234,112971816,112952667,5244
RightRawA,412,159615,113018131,112998121,5246
RightRawA,413,160003,113064459,113043575,5248
RightRawA,414,160388,113109415,113089029,5250
RightRawA,415,160763,113155087,113134483,5252
RightRawA,416,161197,113200767,113179938,5254
RightRawA,417,161574,113246303,113225399,5256
RightRawA,418,161959,113291586,113270853,5258
RightRawA,419,162348,113336583,113316307,5260
RightRawA,420,162735,113381860,113361761,5262
RightRawA,421,163116,113426078,113407215,5264
RightRawA,422,163499,113471751,113452669,5266
RightRawA,423,163893,113518161,113498124,5268
RightRawA,424,164285,113564475,113543585,5270
RightRawA,425,164675,113609438,113589039,5272
RightRawA,426,165048,113655124,113634493,5274
RightRawA,427,165443,113700633,113679947,5276
RightRawA,428,165822,113746101,113725401,5278
RightRawA,429,166210,113791678,113770855,5280
RightRawA,430,166572,113836593,113816310,5282
RightRawA,431,166932,113881890,113861771,5284
RightRawA,432,167311,113926736,113907225,5286
RightRawA,433,167705,113971644,113952679,5288
RightRawA,434,168108,114018191,113998133,5290
RightRawA,435,168520,114064512,114043587,5292
RightRawA,436,168897,114106122,114089041,5294
RightRawA,437,169252,114155154,114134496,5296
RightRawA,438,169668,114200697,114179957,5298
RightRawA,439,170056,114246294,114225411,5300
RightRawA,440,170434,114291646,114270865,5302
RightRawA,441,170815,114336643,114316319,5304
RightRawA,442,171201,114381926,114361773,5306
RightRawA,443,171593,114426165,114407227,5308
RightRawA,444,171985,114471804,114452681,5310
RightRawA,445,172368,114518228,114498142,5312
RightRawA,446,172736,114564535,114543597,5314
RightRawA,447,173140,114609491,114589051,5316
RightRawA,448,173519,114655184,114634505,5318
RightRawA,449,173957,114700700,114679959,5320
RightRawA,450,174271,114746161,114725413,5322
RightRawA,451,174674,114791676,114770874,5324
RightRawA,452,175057,114836652,114816328,5326
RightRawA,453,175439,114882038,114861783,5328
RightRawA,454,175822,114926858,114907237,5330
RightRawA,455,176227,114971711,114952691,5332
RightRawA,456,176612,115018251,114998145,5334
RightRawA,457,177023,115064572,115043599,5336
RightRawA,458,177386,115109534,115089060,5338
RightRawA,459,177761,115155207,115134514,5340
RightRawA,460,178204,115200798,115179969,5342
RightRawA,461,178589,115246354,115225423,5344
RightRawA,462,178972,115291692,115270877,5346
RightRawA,463,179360,115336689,115316331,5348
RightRawA,464,179744,115381966,115361785,5350
RightRawA,465,180124,115426191,115407246,5352
RightRawA,466,180505,115471850,115452700,5354
RightRawA,467,180892,115518281,115498155,5356
RightRawA,468,181291,115563045,115543609,5358
RightRawA,469,181659,115609558,115589063,5360
RightRawA,470,182035,115655237,115634517,5362
RightRawA,471,182431,115700732,115679971,5364
RightRawA,472,182806,115746214,115725432,5366
RightRawA,473,183169,115791722,115770886,5368
RightRawA,474,183552,115836699,115816341,5370
RightRawA,475,183941,115882003,115861795,5372
RightRawA,476,184316,115926842,115907249,5374
RightRawA,477,184723,115971764,115952703,5376
RightRawA,478,185101,116018311,115998157,5378
RightRawA,479,185475,116063437,116043618,5380
RightRawA,480,185861,116106263,116089072,5382
RightRawA,481,186243,116155274,116134527,5384
RightRawA,482,186631,116200817,116179981,5386
RightRawA,483,187010,116246250,116225435,5388
RightRawA,484,187401,116291780,116270889,5390
RightRawA,485,187788,116336776,116316343,5392
RightRawA,486,188175,116382019,116361804,5394
RightRawA,487,188555,116426258,116407258,5396
RightRawA,488,188937,116471951,116452713,5398
RightRawA,489,189331,116518341,116498167,5400
RightRawA,490,189750,116563112,116543621,5402
RightRawA,491,190135,116609604,116589075,5404
RightRawA,492,190507,116655304,116634536,5406
RightRawA,493,190903,116700799,116679990,5408
RightRawA,494,191282,116746280,116725444,5410
RightRawA,495,191670,116791789,116770899,5412
RightRawA,496,192050,116836779,116816353,5414
RightRawA,497,192449,116882220,116861807,5416
RightRawA,498,192827,116926950,116907261,5418
RightRawA,499,193210,116971824,116952722,5420
RightRawA,500,193592,117018371,116998176,5422
RightRawA,501,193978,117063422,117043630,5424
RightRawA,502,194366,117109647,117089085,5426
RightRawA,503,194740,117155327,117134539,5428
RightRawA,504,195177,117200938,117179993,5430
RightRawA,505,195555,117246399,117225447,5432
RightRawA,506,195941,117291785,117270908,5434
RightRawA,507,196332,117336809,117316362,5436
RightRawA,508,196717,117382072,117361816,5438
RightRawA,509,197100,117426318,117407271,5440
RightRawA,510,197481,117471956,117452725,5442
RightRawA,511,197877,117518394,117498179,5444
RightRawA,512,198269,117563172,117543633,5446
RightRawA,513,198660,117609664,117589094,5448
RightRawA,514,199033,117655364,117634548,5450
RightRawA,515,199429,117700879,117680002,5452
RightRawA,516,199809,117746340,117725457,5454
RightRawA,517,200195,117791815,117770911,5456
RightRawA,518,200580,117836832,117816365,5458
RightRawA,519,200977,117882252,117861819,5460
RightRawA,520,201359,117926955,117907280,5462
RightRawA,521,201754,117971870,117952734,5464
RightRawA,522,202145,118018437,117998188,5466
RightRawA,523,202521,118063441,118043643,5468
RightRawA,524,202909,118106355,118089097,5470
RightRawA,525,203293,118155394,118134551,5472
RightRawA,526,203681,118200937,118180005,5474
RightRawA,527,204061,118246377,118225466,5476
RightRawA,528,204451,118291722,118270920,5478
RightRawA,529,204841,118336855,118316374,5480
RightRawA,530,205228,118382146,118361829,5482
RightRawA,531,205609,118426378,118407283,5484
RightRawA,532,205991,118472248,118452737,5486
RightRawA,533,206384,118518460,118498191,5488
RightRawA,534,206811,118563232,118543652,5490
RightRawA,535,207199,118609724,118589106,5492
RightRawA,536,207572,118655424,118634560,5494
RightRawA,537,207971,118700932,118680015,5496
RightRawA,538,208352,118746393,118725469,5498
RightRawA,539,208740,118791834,118770923,5500
RightRawA,540,209125,118836892,118816384,5502
RightRawA,541,209525,118882189,118861838,5504
RightRawA,542,209904,118927063,118907292,5506
RightRawA,543,210291,118971944,118952746,5508
RightRawA,544,210676,119018484,118998201,5510
RightRawA,545,211061,119063494,119043655,5512
RightRawA,546,211450,119109761,119089109,5514
RightRawA,547,211826,119155454,119134570,5516
RightRawA,548,212261,119201085,119180024,5518
RightRawA,549,212641,119246478,119225478,5520
RightRawA,550,213027,119291884,119270932,5522
RightRawA,551,213419,119336922,119316386,5524
RightRawA,552,213809,119382185,119361841,5526
RightRawA,553,214191,119426431,119407295,5528
RightRawA,554,214575,119472076,119452756,5530
RightRawA,555,214972,119518527,119498210,5532
RightRawA,556,215364,119563292,119543664,5534
RightRawA,557,215755,119609777,119589118,5536
RightRawA,558,216145,119655484,119634572,5538
RightRawA,559,216540,119700979,119680027,5540
RightRawA,560,216948,119746453,119725481,5542
RightRawA,561,217336,119791471,119770942,5544
RightRawA,562,217703,119836966,119816396,5546
RightRawA,563,218097,119882372,119861850,5548
RightRawA,564,218506,119927082,119907304,5550
RightRawA,565,218883,119971990,119952758,5552
RightRawA,566,219271,120018550,119998213,5554
RightRawA,567,219651,120063554,120043667,5556
RightRawA,568,220019,120106482,120089128,5558
RightRawA,569,220419,120155507,120134582,5560
RightRawA,570,220782,120200517,120180036,5562
RightRawA,571,221230,120246456,120225490,5564
RightRawA,572,221619,120291494,120270944,5566
RightRawA,573,222024,120336989,120316399,5568
RightRawA,574,222412,120382266,120361853,5570
RightRawA,575,222794,120426498,120407314,5572
RightRawA,576,223182,120472232,120452768,5574
RightRawA,577,223557,120518587,120498222,5576
RightRawA,578,223946,120563345,120543676,5578
RightRawA,579,224307,120609864,120589130,5580
RightRawA,580,224716,120655544,120634585,5582
RightRawA,581,225101,120700540,120680039,5584
RightRawA,582,225501,120745926,120725500,5586
RightRawA,583,225890,120791756,120770954,5588
RightRawA,584,226259,120837012,120816408,5590
RightRawA,585,226671,120882439,120861862,5592
RightRawA,586,227029,120927115,120907316,5594
RightRawA,587,227424,120972043,120952771,5596
RightRawA,588,227782,121018603,120998225,5598
RightRawA,589,228160,121063546,121043686,5600
RightRawA,590,228585,121109874,121089140,5602
RightRawA,591,228933,121155567,121134594,5604
RightRawA,592,229370,121201116,121180048,5606
RightRawA,593,229749,121246584,121225502,5608
RightRawA,594,230136,121291554,121270957,5610
RightRawA,595,230514,121337103,121316418,5612
RightRawA,596,230902,121382360,121361872,5614
RightRawA,597,231298,121426592,121407326,5616
RightRawA,598,231667,121472298,121452780,5618
RightRawA,599,232062,121518640,121498234,5620
RightRawA,600,232453,121563412,121543688,5622
RightRawA,601,232845,121609903,121589143,5624
RightRawA,602,233219,121654941,121634604,5626
RightRawA,603,233617,121700607,121680058,5628
RightRawA,604,233997,121745986,121725512,5630
RightRawA,605,234385,121791584,121770966,5632
RightRawA,606,234776,121837079,121816420,5634
RightRawA,607,235173,121882519,121861874,5636
RightRawA,608,235556,121927168,121907329,5638
RightRawA,609,235952,121972110,121952790,5640
RightRawA,610,236346,122018670,121998244,5642
RightRawA,611,236752,122063517,122043698,5644
RightRawA,612,237164,122106602,122089152,5646
RightRawA,613,237547,122154971,122134606,5648
RightRawA,614,237923,122200644,122180060,5650
RightRawA,615,238273,122246207,122225515,5652
RightRawA,616,238663,122291627,122270976,5654
RightRawA,617,239041,122337116,122316430,5656
RightRawA,618,239437,122382358,122361884,5658
RightRawA,619,239818,122426617,122407338,5660
RightRawA,620,240202,122472256,122452792,5662
RightRawA,621,240591,122518707,122498246,5664
RightRawA,622,240982,122563472,122543701,5666
RightRawA,623,241371,122609957,122589162,5668
RightRawA,624,241746,122655001,122634616,5670
RightRawA,625,242142,122700667,122680070,5672
RightRawA,626,242527,122746073,122725524,5674
RightRawA,627,242925,122791644,122770978,5676
RightRawA,628,243315,122837145,122816432,5678
RightRawA,629,243706,122882572,122861887,5680
RightRawA,630,244091,122927255,122907348,5682
RightRawA,631,244473,122972156,122952802,5684
RightRawA,632,244862,123018730,122998256,5686
RightRawA,633,245241,123063495,123043710,5688
RightRawA,634,245663,123109987,123089164,5690
RightRawA,635,246010,123155038,123134618,5692
RightRawA,636,246408,123200704,123180073,5694
RightRawA,637,246784,123246219,123225534,5696
RightRawA,638,247211,123291680,123270988,5698
RightRawA,639,247615,123337162,123316442,5700
RightRawA,640,247990,123382418,123361896,5702
RightRawA,641,248370,123426677,123407350,5704
RightRawA,642,248765,123472323,123452804,5706
RightRawA,643,249191,123518760,123498259,5708
RightRawA,644,249580,123563525,123543720,5710
RightRawA,645,249966,123610010,123589174,5712
RightRawA,646,250356,123655054,123634628,5714
RightRawA,647,250743,123700727,123680082,5716
RightRawA,648,251114,123746106,123725536,5718
RightRawA,649,251517,123791703,123770990,5720
RightRawA,650,251901,123837199,123816451,5722
RightRawA,651,252298,123882625,123861905,5724
RightRawA,652,252677,123927274,123907360,5726
RightRawA,653,253072,123972223,123952814,5728
RightRawA,654,253463,124018790,123998268,5730
RightRawA,655,253837,124063555,124043722,5732
RightRawA,656,254223,124106722,124089176,5734
RightRawA,657,254604,124155084,124134637,5736
RightRawA,658,254991,124200757,124180091,5738
RightRawA,659,255371,124246177,124225546,5740
RightRawB,0,165,94313960,94293322,4423
RightRawB,1,547,94359414,94338776,4425
RightRawB,2,940,94404930,94384237,4427
RightRawB,3,1322,94450623,94429691,4429
RightRawB,4,1710,94495688,94475145,4431
RightRawB,5,2100,94540794,94520600,4433
RightRawB,6,2523,94586617,94566054,4435
RightRawB,7,2871,94630596,94611508,4437
RightRawB,8,3256,94677033,94656962,4439
RightRawB,9,3682,94721976,94702423,4441
RightRawB,10,4038,94768365,94747877,4443
RightRawB,11,4430,94813997,94793331,4445
RightRawB,12,4854,94859765,94838786,4447
RightRawB,13,5246,94904967,94884240,4449
RightRawB,14,5627,94950666,94929694,4451
RightRawB,15,6014,94995465,94975148,4453
RightRawB,16,6396,95040564,95020609,4455
RightRawB,17,6790,95085595,95066063,4457
RightRawB,18,7173,95130592,95111517,4459
RightRawB,19,7558,95177063,95156972,4461
RightRawB,20,7942,95221828,95202426,4463
RightRawB,21,8323,95268450,95247880,4465
RightRawB,22,8719,95314170,95293341,4467
RightRawB,23,9104,95359467,95338795,4469
RightRawB,24,9498,95404990,95384249,4471
RightRawB,25,9877,95450000,95429703,4473
RightRawB,26,10308,95495775,95475158,4475
RightRawB,27,10657,95540840,95520612,4477
RightRawB,28,11081,95586670,95566066,4479
RightRawB,29,11429,95630574,95611527,4481
RightRawB,30,11812,95677093,95656981,4483
RightRawB,31,12201,95721858,95702435,4485
RightRawB,32,12617,95768473,95747889,4487
RightRawB,33,13008,95814050,95793344,4489
RightRawB,34,13399,95859504,95838798,4491
RightRawB,35,13792,95905026,95884252,4493
RightRawB,36,14163,95950037,95929713,4495
RightRawB,37,14560,95995525,95975167,4497
RightRawB,38,14935,96040693,96020621,4499
RightRawB,39,15329,96085648,96066075,4501
RightRawB,40,15710,96130591,96111530,4503
RightRawB,41,16097,96177117,96156984,4505
RightRawB,42,16481,96221895,96202438,4507
RightRawB,43,16861,96268353,96247899,4509
RightRawB,44,17256,96314080,96293353,4511
RightRawB,45,17681,96359916,96338807,4513
RightRawB,46,18071,96405063,96384261,4515
RightRawB,47,18451,96450278,96429716,4517
RightRawB,48,18846,96495835,96475170,4519
RightRawB,49,19226,96540934,96520624,4521
RightRawB,50,19618,96585071,96566085,4523
RightRawB,51,20003,96630634,96611539,4525
RightRawB,52,20385,96677153,96656993,4527
RightRawB,53,20775,96721918,96702447,4529
RightRawB,54,21157,96768581,96747902,4531
RightRawB,55,21550,96814171,96793356,4533
RightRawB,56,21934,96859557,96838810,4535
RightRawB,57,22325,96905086,96884271,4537
RightRawB,58,22701,96950097,96929725,4539
RightRawB,59,23086,96995606,96975179,4541
RightRawB,60,23468,97040671,97020633,4543
RightRawB,61,23890,97086876,97066088,4545
RightRawB,62,24237,97130650,97111542,4547
RightRawB,63,24617,97177183,97156996,4549
RightRawB,64,25004,97221948,97202457,4551
RightRawB,65,25414,97268638,97247911,4553
RightRawB,66,25805,97314290,97293365,4555
RightRawB,67,26193,97359608,97338819,4557
RightRawB,68,26581,97405116,97384274,4559
RightRawB,69,26953,97450113,97429728,4561
RightRawB,70,27350,97495874,97475182,4563
RightRawB,71,27734,97540953,97520643,4565
RightRawB,72,28131,97585124,97566097,4567
RightRawB,73,28515,97630687,97611551,4569
RightRawB,74,28899,97677206,97657005,4571
RightRawB,75,29285,97721978,97702459,4573
RightRawB,76,29668,97768668,97747914,4575
RightRawB,77,30057,97814177,97793368,4577
RightRawB,78,30440,97859624,97838829,4579
RightRawB,79,30830,97905146,97884283,4581
RightRawB,80,31210,97950164,97929737,4583
RightRawB,81,31605,97995652,97975191,4585
RightRawB,82,31980,98040731,98020645,4587
RightRawB,83,32372,98085748,98066100,4589
RightRawB,84,32749,98130704,98111561,4591
RightRawB,85,33134,98177243,98157015,4593
RightRawB,86,33518,98222008,98202469,4595
RightRawB,87,33894,98268595,98247923,4597
RightRawB,88,34287,98314200,98293377,4599
RightRawB,89,34681,98359688,98338831,4601
RightRawB,90,35075,98405197,98384286,4603
RightRawB,91,35453,98450173,98429747,4605
RightRawB,92,35843,98495921,98475201,4607
RightRawB,93,36230,98541006,98520655,4609
RightRawB,94,36651,98586829,98566109,4611
RightRawB,95,36997,98630747,98611563,4613
RightRawB,96,37379,98677280,98657017,4615
RightRawB,97,37771,98722038,98702472,4617
RightRawB,98,38160,98768769,98747933,4619
RightRawB,99,38550,98814230,98793387,4621
RightRawB,100,38929,98859691,98838841,4623
RightRawB,101,39360,98905199,98884295,4625
RightRawB,102,39737,98950374,98929749,4627
RightRawB,103,40121,98995705,98975203,4629
RightRawB,104,40501,99040770,99020658,4631
RightRawB,105,40891,99085808,99066119,4633
RightRawB,106,41270,99130763,99111573,4635
RightRawB,107,41664,99177303,99157027,4637
RightRawB,108,42011,99222068,99202481,4639
RightRawB,109,42419,99268826,99247935,4641
RightRawB,110,42808,99314260,99293389,4643
RightRawB,111,43196,99359734,99338844,4645
RightRawB,112,43582,99405236,99384305,4647
RightRawB,113,43952,99450253,99429759,4649
RightRawB,114,44347,99496022,99475213,4651
RightRawB,115,44730,99541059,99520667,4653
RightRawB,116,45120,99585244,99566121,4655
RightRawB,117,45492,99630787,99611575,4657
RightRawB,118,45879,99677340,99657030,4659
RightRawB,119,46261,99722098,99702491,4661
RightRawB,120,46642,99768863,99747945,4663
RightRawB,121,47032,99814296,99793399,4665
RightRawB,122,47408,99859751,99838853,4667
RightRawB,123,47835,99905259,99884307,4669
RightRawB,124,48212,99950427,99929761,4671
RightRawB,125,48601,99995772,99975216,4673
RightRawB,126,48975,100040837,100020677,4675
RightRawB,127,49364,100085861,100066131,4677
RightRawB,128,49741,100130817,100111585,4679
RightRawB,129,50120,100177363,100157039,4681
RightRawB,130,50504,100222128,100202493,4683
RightRawB,131,50879,100268654,100247947,4685
RightRawB,132,51268,100314320,100293402,4687
RightRawB,133,51643,100359787,100338863,4689
RightRawB,134,52032,100404784,100384317,4691
RightRawB,135,52406,100450313,100429771,4693
RightRawB,136,52790,100496027,100475225,4695
RightRawB,137,53172,100541181,100520679,4697
RightRawB,138,53592,100586935,100566133,4699
RightRawB,139,53934,100630853,100611588,4701
RightRawB,140,54314,100677386,100657049,4703
RightRawB,141,54703,100722158,100702503,4705
RightRawB,142,55086,100768711,100747957,4707
RightRawB,143,55475,100814356,100793411,4709
RightRawB,144,55852,100859831,100838865,4711
RightRawB,145,56280,100904944,100884319,4713
RightRawB,146,56657,100950480,100929774,4715
RightRawB,147,57040,100995825,100975235,4717
RightRawB,148,57419,101040924,101020689,4719
RightRawB,149,57807,101085928,101066143,4721
RightRawB,150,58184,101130870,101111597,4723
RightRawB,151,58574,101177416,101157051,4725
RightRawB,152,58921,101222194,101202505,4727
RightRawB,153,59327,101268734,101247960,4729
RightRawB,154,59713,101314379,101293421,4731
RightRawB,155,60100,101359847,101338875,4733
RightRawB,156,60484,101404837,101384329,4735
RightRawB,157,60853,101450353,101429783,4737
RightRawB,158,61247,101496101,101475237,4739
RightRawB,159,61628,101541172,101520691,4741
RightRawB,160,62023,101585370,101566146,4743
RightRawB,161,62407,101630913,101611607,4745
RightRawB,162,62789,101677453,101657061,4747
RightRawB,163,63173,101722218,101702515,4749
RightRawB,164,63553,101768757,101747969,4751
RightRawB,165,63941,101813802,101793423,4753
RightRawB,166,64323,101859406,101838877,4755
RightRawB,167,64713,101904840,101884332,4757
RightRawB,168,65093,101950396,101929793,4759
RightRawB,169,65488,101995878,101975247,4761
RightRawB,170,65862,102040943,102020701,4763
RightRawB,171,66254,102085974,102066155,4765
RightRawB,172,66633,102130923,102111609,4767
RightRawB,173,67019,102177476,102157063,4769
RightRawB,174,67402,102222254,102202518,4771
RightRawB,175,67780,102268842,102247979,4773
RightRawB,176,68174,102313832,102293433,4775
RightRawB,177,68567,102359450,102338887,4777
RightRawB,178,68962,102404890,102384341,4779
RightRawB,179,69342,102450447,102429795,4781
RightRawB,180,69731,102496174,102475249,4783
RightRawB,181,70118,102541232,102520703,4785
RightRawB,182,70543,102587041,102566164,4787
RightRawB,183,70890,102630960,102611619,4789
RightRawB,184,71277,102677513,102657073,4791
RightRawB,185,71672,102722277,102702527,4793
RightRawB,186,72060,102768831,102747981,4795
RightRawB,187,72454,102813862,102793435,4797
RightRawB,188,72836,102859473,102838889,4799
RightRawB,189,73272,102905118,102884350,4801
RightRawB,190,73652,102950586,102929805,4803
RightRawB,191,74043,102995951,102975259,4805
RightRawB,192,74425,103041078,103020713,4807
RightRawB,193,74818,103086177,103066167,4809
RightRawB,194,75205,103130969,103111621,4811
RightRawB,195,75601,103177550,103157075,4813
RightRawB,196,75955,103222314,103202536,4815
RightRawB,197,76367,103268854,103247991,4817
RightRawB,198,76759,103313892,103293445,4819
RightRawB,199,77152,103359510,103338899,4821
RightRawB,200,77543,103404943,103384353,4823
RightRawB,201,77918,103450493,103429807,4825
RightRawB,202,78317,103495995,103475268,4827
RightRawB,203,78706,103541285,103520722,4829
RightRawB,204,79107,103585477,103566177,4831
RightRawB,205,79496,103631013,103611631,4833
RightRawB,206,79885,103677580,103657085,4835
RightRawB,207,80278,103722337,103702539,4837
RightRawB,208,80664,103768877,103747993,4839
RightRawB,209,81060,103813915,103793454,4841
RightRawB,210,81448,103859533,103838908,4843
RightRawB,211,81843,103904932,103884363,4845
RightRawB,212,82228,103950516,103929817,4847
RightRawB,213,82629,103996005,103975271,4849
RightRawB,214,83008,104041049,104020725,4851
RightRawB,215,83405,104086073,104066179,4853
RightRawB,216,83790,104131043,104111640,4855
RightRawB,217,84180,104177610,104157094,4857
RightRawB,218,84569,104222402,104202549,4859
RightRawB,219,84952,104268975,104248003,4861
RightRawB,220,85352,104313945,104293457,4863
RightRawB,221,85749,104359570,104338911,4865
RightRawB,222,86149,104405003,104384365,4867
RightRawB,223,86534,104450553,104429826,4869
RightRawB,224,86926,104496014,104475280,4871
RightRawB,225,87320,104541352,104520735,4873
RightRawB,226,87747,104587148,104566189,4875
RightRawB,227,88099,104631073,104611643,4877
RightRawB,228,88487,104677626,104657097,4879
RightRawB,229,88885,104722397,104702551,4881
RightRawB,230,89277,104768937,104748012,4883
RightRawB,231,89673,104813975,104793466,4885
RightRawB,232,90059,104859593,104838921,4887
RightRawB,233,90498,104905224,104884375,4889
RightRawB,234,90882,104950692,104929829,4891
RightRawB,235,91273,104996064,104975283,4893
RightRawB,236,91658,105041184,105020737,4895
RightRawB,237,92055,105086140,105066198,4897
RightRawB,238,92439,105131089,105111652,4899
RightRawB,239,92836,105177669,105157107,4901
RightRawB,240,93191,105222434,105202561,4903
RightRawB,241,93604,105268967,105248015,4905
RightRawB,242,93996,105314005,105293469,4907
RightRawB,243,94390,105359636,105338923,4909
RightRawB,244,94782,105405077,105384384,4911
RightRawB,245,95157,105450620,105429838,4913
RightRawB,246,95557,105496115,105475293,4915
RightRawB,247,95945,105541412,105520747,4917
RightRawB,248,96347,105586115,105566201,4919
RightRawB,249,96736,105631194,105611655,4921
RightRawB,250,97124,105677693,105657109,4923
RightRawB,251,97515,105722457,105702570,4925
RightRawB,252,97901,105768990,105748024,4927
RightRawB,253,98296,105814035,105793479,4929
RightRawB,254,98683,105859653,105838933,4931
RightRawB,255,99078,105905100,105884387,4933
RightRawB,256,99463,105950636,105929841,4935
RightRawB,257,99865,105996131,105975295,4937
RightRawB,258,100242,106041162,106020756,4939
RightRawB,259,100637,106086186,106066210,4941
RightRawB,260,101020,106131142,106111665,4943
RightRawB,261,101409,106177723,106157119,4945
RightRawB,262,101797,106222487,106202573,4947
RightRawB,263,102176,106265675,106248027,4949
RightRawB,264,102575,106314065,106293481,4951
RightRawB,265,102959,106359683,106338942,4953
RightRawB,266,103391,106405266,106384396,4955
RightRawB,267,103773,106450803,106429851,4957
RightRawB,268,104167,106496141,106475305,4959
RightRawB,269,104552,106541465,106520759,4961
RightRawB,270,104945,106585663,106566213,4963
RightRawB,271,105332,106631179,106611667,4965
RightRawB,272,105713,106677746,106657128,4967
RightRawB,273,106110,106722524,106702582,4969
RightRawB,274,106490,106766285,106748037,4971
RightRawB,275,106884,106814088,106793491,4973
RightRawB,276,107271,106859713,106838945,4975
RightRawB,277,107661,106905112,106884399,4977
RightRawB,278,108039,106950696,106929853,4979
RightRawB,279,108424,106996191,106975314,4981
RightRawB,280,108808,107041222,107020768,4983
RightRawB,281,109193,107086253,107066223,4985
RightRawB,282,109574,107131188,107111677,4987
RightRawB,283,109957,107177783,107157131,4989
RightRawB,284,110344,107222547,107202585,4991
RightRawB,285,110752,107267653,107248039,4993
RightRawB,286,111141,107314350,107293500,4995
RightRawB,287,111531,107359749,107338954,4997
RightRawB,288,111917,107405176,107384408,4999
RightRawB,289,112289,107450726,107429863,5001
RightRawB,290,112684,107496262,107475317,5003
RightRawB,291,113070,107541641,107520771,5005
RightRawB,292,113465,107585723,107566225,5007
RightRawB,293,113849,107631218,107611686,5009
RightRawB,294,114233,107677819,107657140,5011
RightRawB,295,114619,107722618,107702594,5013
RightRawB,296,115000,107766277,107748049,5015
RightRawB,297,115390,107814148,107793503,5017
RightRawB,298,115776,107859766,107838957,5019
RightRawB,299,116165,107905172,107884411,5021
RightRawB,300,116544,107950763,107929872,5023
RightRawB,301,116928,107996251,107975326,5025
RightRawB,302,117308,108041268,108020780,5027
RightRawB,303,117695,108086313,108066235,5029
RightRawB,304,118075,108131289,108111689,5031
RightRawB,305,118459,108177842,108157143,5033
RightRawB,306,118845,108222614,108202597,5035
RightRawB,307,119252,108267706,108248058,5037
RightRawB,308,119641,108314178,108293512,5039
RightRawB,309,120025,108359809,108338966,5041
RightRawB,310,120413,108405236,108384421,5043
RightRawB,311,120789,108450806,108429875,5045
RightRawB,312,121182,108496267,108475329,5047
RightRawB,313,121561,108541558,108520783,5049
RightRawB,314,121952,108585790,108566244,5051
RightRawB,315,122328,108631292,108611698,5053
RightRawB,316,122713,108677872,108657152,5055
RightRawB,317,123100,108722637,108702607,5057
RightRawB,318,123478,108766357,108748061,5059
RightRawB,319,123865,108814201,108793515,5061
RightRawB,320,124244,108859826,108838976,5063
RightRawB,321,124674,108905437,108884430,5065
RightRawB,322,125049,108950898,108929884,5067
RightRawB,323,125432,108996297,108975338,5069
RightRawB,324,125807,109041342,109020793,5071
RightRawB,325,126197,109086359,109066247,5073
RightRawB,326,126574,109131315,109111701,5075
RightRawB,327,126964,109177902,109157162,5077
RightRawB,328,127311,109222667,109202616,5079
RightRawB,329,127719,109267759,109248070,5081
RightRawB,330,128105,109314231,109293524,5083
RightRawB,331,128490,109359869,109338979,5085
RightRawB,332,128877,109405282,109384433,5087
RightRawB,333,129245,109450839,109429887,5089
RightRawB,334,129636,109496102,109475348,5091
RightRawB,335,130020,109541700,109520802,5093
RightRawB,336,130413,109585850,109566256,5095
RightRawB,337,130795,109631338,109611710,5097
RightRawB,338,131180,109677932,109657165,5099
RightRawB,339,131563,109722697,109702619,5101
RightRawB,340,131940,109766397,109748073,5103
RightRawB,341,132330,109814261,109793534,5105
RightRawB,342,132710,109859886,109838988,5107
RightRawB,343,133096,109905292,109884442,5109
RightRawB,344,133473,109950343,109929896,5111
RightRawB,345,133865,109996125,109975351,5113
RightRawB,346,134237,110041409,110020805,5115
RightRawB,347,134632,110086405,110066259,5117
RightRawB,348,135007,110131368,110111720,5119
RightRawB,349,135388,110177969,110157174,5121
RightRawB,350,135771,110222734,110202628,5123
RightRawB,351,136144,110265887,110248082,5125
RightRawB,352,136537,110314291,110293537,5127
RightRawB,353,136927,110359922,110338991,5129
RightRawB,354,137319,110405383,110384445,5131
RightRawB,355,137697,110450489,110429906,5133
RightRawB,356,138086,110496141,110475360,5135
RightRawB,357,138472,110541691,110520814,5137
RightRawB,358,138853,110585910,110566268,5139
RightRawB,359,139235,110631405,110611723,5141
RightRawB,360,139616,110677985,110657177,5143
RightRawB,361,140011,110722764,110702631,5145
RightRawB,362,140396,110766457,110748092,5147
RightRawB,363,140789,110814321,110793546,5149
RightRawB,364,141168,110859952,110839000,5151
RightRawB,365,141599,110905468,110884454,5153
RightRawB,366,141977,110951004,110929909,5155
RightRawB,367,142363,110996178,110975363,5157
RightRawB,368,142745,111041537,111020817,5159
RightRawB,369,143135,111086479,111066278,5161
RightRawB,370,143517,111131428,111111732,5163
RightRawB,371,143910,111178022,111157186,5165
RightRawB,372,144261,111222794,111202640,5167
RightRawB,373,144670,111267866,111248095,5169
RightRawB,374,145060,111314351,111293549,5171
RightRawB,375,145449,111359334,111339003,5173
RightRawB,376,145838,111405416,111384464,5175
RightRawB,377,146209,111450426,111429918,5177
RightRawB,378,146605,111496208,111475372,5179
RightRawB,379,146992,111541772,111520826,5181
RightRawB,380,147389,111585970,111566281,5183
RightRawB,381,147776,111631465,111611735,5185
RightRawB,382,148161,111678052,111657189,5187
RightRawB,383,148548,111722817,111702650,5189
RightRawB,384,148930,111766510,111748104,5191
RightRawB,385,149323,111814381,111793558,5193
RightRawB,386,149708,111859398,111839012,5195
RightRawB,387,150100,111905405,111884467,5197
RightRawB,388,150482,111950422,111929921,5199
RightRawB,389,150878,111996238,111975382,5201
RightRawB,390,151256,112041515,112020836,5203
RightRawB,391,151649,112086532,112066290,5205
RightRawB,392,152030,112131474,112111744,5207
RightRawB,393,152415,112178082,112157198,5209
RightRawB,394,152800,112222847,112202652,5211
RightRawB,395,153177,112266007,112248107,5213
RightRawB,396,153572,112314404,112293568,5215
RightRawB,397,153954,112359407,112339022,5217
RightRawB,398,154345,112402861,112384476,5219
RightRawB,399,154722,112450705,112429930,5221
RightRawB,400,155155,112496275,112475384,5223
RightRawB,401,155537,112541811,112520838,5225
RightRawB,402,155928,112586030,112566293,5227
RightRawB,403,156313,112631525,112611754,5229
RightRawB,404,156695,112678119,112657208,5231
RightRawB,405,157085,112722877,112702662,5233
RightRawB,406,157466,112766597,112748116,5235
RightRawB,407,157859,112814434,112793570,5237
RightRawB,408,158243,112859471,112839024,5239
RightRawB,409,158633,112902891,112884479,5241
RightRawB,410,159009,112950741,112929940,5243
RightRawB,411,159393,112996298,112975394,5245
RightRawB,412,159776,113041588,113020848,5247
RightRawB,413,160163,113086599,113066302,5249
RightRawB,414,160545,113131548,113111756,5251
RightRawB,415,160929,113178149,113157210,5253
RightRawB,416,161316,113222914,113202665,5255
RightRawB,417,161725,113267644,113248126,5257
RightRawB,418,162115,113314464,113293580,5259
RightRawB,419,162504,113359454,113339034,5261
RightRawB,420,162893,113405147,113384488,5263
RightRawB,421,163266,113450533,113429942,5265
RightRawB,422,163663,113496328,113475396,5267
RightRawB,423,164047,113541632,113520851,5269
RightRawB,424,164447,113586089,113566312,5271
RightRawB,425,164832,113631571,113611766,5273
RightRawB,426,165216,113678165,113657220,5275
RightRawB,427,165602,113722943,113702674,5277
RightRawB,428,165982,113766629,113748128,5279
RightRawB,429,166375,113814494,113793582,5281
RightRawB,430,166758,113859524,113839037,5283
RightRawB,431,167148,113902958,113884498,5285
RightRawB,432,167528,113950781,113929952,5287
RightRawB,433,167923,113996365,113975406,5289
RightRawB,434,168296,114041641,114020860,5291
RightRawB,435,168691,114086693,114066314,5293
RightRawB,436,169069,114131696,114111768,5295
RightRawB,437,169456,114178202,114157229,5297
RightRawB,438,169839,114222967,114202684,5299
RightRawB,439,170215,114266127,114248138,5301
RightRawB,440,170609,114314523,114293592,5303
RightRawB,441,170999,114359513,114339046,5305
RightRawB,442,171392,114402981,114384500,5307
RightRawB,443,171772,114450831,114429954,5309
RightRawB,444,172159,114496142,114475415,5311
RightRawB,445,172546,114541685,114520870,5313
RightRawB,446,172930,114586143,114566324,5315
RightRawB,447,173313,114631679,114611778,5317
RightRawB,448,173696,114677986,114657232,5319
RightRawB,449,174089,114722997,114702686,5321
RightRawB,450,174473,114766696,114748140,5323
RightRawB,451,174866,114814547,114793601,5325
RightRawB,452,175244,114859598,114839056,5327
RightRawB,453,175638,114903011,114884510,5329
RightRawB,454,176013,114950622,114929964,5331
RightRawB,455,176438,114996165,114975418,5333
RightRawB,456,176818,115041674,115020872,5335
RightRawB,457,177208,115086712,115066326,5337
RightRawB,458,177590,115131702,115111787,5339
RightRawB,459,177981,115178009,115157242,5341
RightRawB,460,178333,115223027,115202696,5343
RightRawB,461,178740,115268071,115248150,5345
RightRawB,462,179128,115314570,115293604,5347
RightRawB,463,179515,115359573,115339058,5349
RightRawB,464,179902,115405280,115384512,5351
RightRawB,465,180273,115450659,115429973,5353
RightRawB,466,180669,115496195,115475428,5355
RightRawB,467,181055,115541725,115520882,5357
RightRawB,468,181453,115586202,115566336,5359
RightRawB,469,181837,115631684,115611790,5361
RightRawB,470,182220,115678039,115657244,5363
RightRawB,471,182607,115723063,115702705,5365
RightRawB,472,182987,115766736,115748159,5367
RightRawB,473,183377,115811746,115793614,5369
RightRawB,474,183761,115859624,115839068,5371
RightRawB,475,184152,115903071,115884522,5373
RightRawB,476,184533,115950696,115929976,5375
RightRawB,477,184927,115996232,115975430,5377
RightRawB,478,185303,116041782,116020891,5379
RightRawB,479,185695,116086765,116066345,5381
RightRawB,480,186073,116131762,116111800,5383
RightRawB,481,186458,116178076,116157254,5385
RightRawB,482,186842,116223093,116202708,5387
RightRawB,483,187220,116266254,116248162,5389
RightRawB,484,187613,116311735,116293616,5391
RightRawB,485,187996,116359640,116339077,5393
RightRawB,486,188387,116403101,116384531,5395
RightRawB,487,188762,116450726,116429986,5397
RightRawB,488,189195,116496255,116475440,5399
RightRawB,489,189577,116541784,116520894,5401
RightRawB,490,189968,116586269,116566348,5403
RightRawB,491,190350,116631819,116611802,5405
RightRawB,492,190730,116678106,116657263,5407
RightRawB,493,191120,116723116,116702717,5409
RightRawB,494,191499,116766802,116748171,5411
RightRawB,495,191891,116811813,116793626,5413
RightRawB,496,192274,116859704,116839080,5415
RightRawB,497,192665,116903131,116884534,5417
RightRawB,498,193042,116950735,116929988,5419
RightRawB,499,193425,116996292,116975449,5421
RightRawB,500,193810,117041794,117020903,5423
RightRawB,501,194198,117086825,117066357,5425
RightRawB,502,194581,117131842,117111812,5427
RightRawB,503,194964,117178136,117157266,5429
RightRawB,504,195355,117223153,117202720,5431
RightRawB,505,195764,117268177,117248174,5433
RightRawB,506,196155,117313072,117293635,5435
RightRawB,507,196544,117359693,117339089,5437
RightRawB,508,196933,117405414,117384543,5439
RightRawB,509,197306,117450793,117429998,5441
RightRawB,510,197702,117496315,117475452,5443
RightRawB,511,198090,117541844,117520906,5445
RightRawB,512,198488,117586329,117566367,5447
RightRawB,513,198874,117631790,117611821,5449
RightRawB,514,199257,117678166,117657275,5451
RightRawB,515,199646,117723176,117702729,5453
RightRawB,516,200026,117766849,117748184,5455
RightRawB,517,200418,117811927,117793638,5457
RightRawB,518,200803,117859744,117839092,5459
RightRawB,519,201195,117903197,117884553,5461
RightRawB,520,201577,117950829,117930007,5463
RightRawB,521,201971,117996352,117975461,5465
RightRawB,522,202348,118041615,118020915,5467
RightRawB,523,202742,118087014,118066370,5469
RightRawB,524,203123,118132114,118111824,5471
RightRawB,525,203508,118178189,118157278,5473
RightRawB,526,203893,118223213,118202739,5475
RightRawB,527,204271,118266367,118248193,5477
RightRawB,528,204666,118311848,118293647,5479
RightRawB,529,205049,118359746,118339101,5481
RightRawB,530,205441,118403214,118384556,5483
RightRawB,531,205816,118450846,118430010,5485
RightRawB,532,206252,118496375,118475464,5487
RightRawB,533,206637,118541891,118520925,5489
RightRawB,534,207030,118586389,118566379,5491
RightRawB,535,207415,118631898,118611833,5493
RightRawB,536,207797,118678219,118657287,5495
RightRawB,537,208190,118723236,118702742,5497
RightRawB,538,208570,118766909,118748196,5499
RightRawB,539,208964,118811919,118793650,5501
RightRawB,540,209350,118859817,118839111,5503
RightRawB,541,209742,118903251,118884565,5505
RightRawB,542,210123,118950862,118930019,5507
RightRawB,543,210508,118996405,118975473,5509
RightRawB,544,210893,119041648,119020928,5511
RightRawB,545,211282,119086931,119066382,5513
RightRawB,546,211667,119132167,119111836,5515
RightRawB,547,212049,119178249,119157297,5517
RightRawB,548,212440,119223266,119202751,5519
RightRawB,549,212812,119266427,119248205,5521
RightRawB,550,213241,119313178,119293659,5523
RightRawB,551,213636,119359799,119339114,5525
RightRawB,552,214025,119405540,119384568,5527
RightRawB,553,214400,119450899,119430022,5529
RightRawB,554,214797,119496435,119475483,5531
RightRawB,555,215184,119541684,119520937,5533
RightRawB,556,215585,119586449,119566391,5535
RightRawB,557,215973,119631889,119611845,5537
RightRawB,558,216355,119676941,119657300,5539
RightRawB,559,216744,119723303,119702754,5541
RightRawB,560,217128,119766962,119748208,5543
RightRawB,561,217518,119811979,119793669,5545
RightRawB,562,217905,119859863,119839123,5547
RightRawB,563,218296,119903304,119884577,5549
RightRawB,564,218676,119950915,119930031,5551
RightRawB,565,219059,119995509,119975486,5553
RightRawB,566,219442,120041707,120020940,5555
RightRawB,567,219832,120086984,120066394,5557
RightRawB,568,220214,120132227,120111855,5559
RightRawB,569,220600,120176971,120157309,5561
RightRawB,570,220988,120223326,120202763,5563
RightRawB,571,221359,120266486,120248217,5565
RightRawB,572,221789,120312910,120293672,5567
RightRawB,573,222179,120359859,120339126,5569
RightRawB,574,222570,120403340,120384587,5571
RightRawB,575,222948,120450979,120430041,5573
RightRawB,576,223342,120496304,120475495,5575
RightRawB,577,223725,120541744,120520949,5577
RightRawB,578,224120,120586509,120566403,5579
RightRawB,579,224499,120631963,120611858,5581
RightRawB,580,224885,120677008,120657312,5583
RightRawB,581,225277,120723356,120702773,5585
RightRawB,582,225658,120767015,120748227,5587
RightRawB,583,226050,120812100,120793681,5589
RightRawB,584,226431,120859937,120839135,5591
RightRawB,585,226827,120903370,120884589,5593
RightRawB,586,227204,120951016,120930044,5595
RightRawB,587,227631,120996143,120975498,5597
RightRawB,588,228013,121041767,121020959,5599
RightRawB,589,228406,121087044,121066413,5601
RightRawB,590,228790,121132280,121111867,5603
RightRawB,591,229183,121177993,121157321,5605
RightRawB,592,229537,121223393,121202775,5607
RightRawB,593,229908,121266546,121248230,5609
RightRawB,594,230337,121313284,121293684,5611
RightRawB,595,230727,121359912,121339145,5613
RightRawB,596,231118,121404923,121384599,5615
RightRawB,597,231491,121450595,121430053,5617
RightRawB,598,231887,121495599,121475507,5619
RightRawB,599,232273,121541811,121520961,5621
RightRawB,600,232673,121586569,121566415,5623
RightRawB,601,233061,121632016,121611870,5625
RightRawB,602,233444,121677129,121657331,5627
RightRawB,603,233835,121723423,121702785,5629
RightRawB,604,234216,121767068,121748239,5631
RightRawB,605,234610,121812310,121793693,5633
RightRawB,606,234999,121859970,121839147,5635
RightRawB,607,235392,121903430,121884601,5637
RightRawB,608,235774,121950646,121930056,5639
RightRawB,609,236171,121995622,121975517,5641
RightRawB,610,236548,122041827,122020971,5643
RightRawB,611,236941,122087083,122066425,5645
RightRawB,612,237321,122132353,122111879,5647
RightRawB,613,237704,122177091,122157333,5649
RightRawB,614,238092,122223453,122202787,5651
RightRawB,615,238470,122266606,122248242,5653
RightRawB,616,238866,122312074,122293703,5655
RightRawB,617,239259,122359972,122339157,5657
RightRawB,618,239654,122403467,122384611,5659
RightRawB,619,240034,122450710,122430065,5661
RightRawB,620,240422,122495652,122475519,5663
RightRawB,621,240812,122541864,122520973,5665
RightRawB,622,241198,122586622,122566434,5667
RightRawB,623,241584,122632097,122611889,5669
RightRawB,624,241967,122677121,122657343,5671
RightRawB,625,242364,122723476,122702797,5673
RightRawB,626,242750,122767128,122748251,5675
RightRawB,627,243143,122812118,122793705,5677
RightRawB,628,243525,122860050,122839159,5679
RightRawB,629,243919,122903490,122884620,5681
RightRawB,630,244297,122950706,122930075,5683
RightRawB,631,244723,122996249,122975529,5685
RightRawB,632,245107,123041908,123020983,5687
RightRawB,633,245500,123087205,123066437,5689
RightRawB,634,245880,123132618,123111891,5691
RightRawB,635,246273,123178093,123157345,5693
RightRawB,636,246626,123223506,123202806,5695
RightRawB,637,246997,123266666,123248261,5697
RightRawB,638,247424,123313390,123293715,5699
RightRawB,639,247814,123360032,123339169,5701
RightRawB,640,248203,123405043,123384623,5703
RightRawB,641,248576,123450777,123430077,5705
RightRawB,642,248971,123495719,123475531,5707
RightRawB,643,249358,123541924,123520992,5709
RightRawB,644,249757,123586695,123566447,5711
RightRawB,645,250141,123632156,123611901,5713
RightRawB,646,250524,123677187,123657355,5715
RightRawB,647,250912,123723536,123702809,5717
RightRawB,648,251292,123767174,123748263,5719
RightRawB,649,251682,123812212,123793717,5721
RightRawB,650,252066,123860083,123839178,5723
RightRawB,651,252457,123903543,123884633,5725
RightRawB,652,252836,123950814,123930087,5727
RightRawB,653,253231,123995742,123975541,5729
RightRawB,654,253607,124041954,124020995,5731
RightRawB,655,254000,124087190,124066449,5733
RightRawB,656,254378,124132698,124111903,5735
RightRawB,657,254761,124177210,124157364,5737
RightRawB,658,255146,124223573,124202819,5739
RightRawB,659,255524,124266733,124248273,5741
